[0.7750491  0.94897728 0.96542059],
[1.86903267 1.83214712 1.19222992],
[0.61214778 0.61928731 0.70480848],
[1.44113898 1.60452036 0.83652295],
[1.04780726 1.20164188 0.63457007],
[0.56101232 0.60847217 1.71950401],
[1.07894895 0.82033996 1.16921199],
[0.84171092 1.35047945 1.6898925 ],
[0.23051737 0.47640499 0.56569256],
[1.45484899 1.97119895 0.2864328 ],
[1.07858031 1.53705113 0.86501906],
[1.43119644 0.76923111 1.64982673],
[0.62969194 0.70871287 1.31433587],
[0.43925034 0.41569594 1.70002748],
[0.58504462 0.57878438 0.72029611],
[0.51158693 0.50960673 0.3128736 ],
[1.17320759 1.0598714  0.51812528],
[0.43294385 0.51933507 0.48437456]